2
5
6
11
12
13
14
15
16
17
18
19
20
21
22
24
25
26
27
28
33
35
38
55
58
59
62
63
64
65
66
67
68
69
70
71
73
74
75
76
77
78
79
80
81
82
83
85
86
87
88
89
90
91
93
95
96
97
98
99
100
101
102
103
104
105
106
107
108
109
110
111
112
113
114
115
116
117
118
120
121
122
123
124
127
128
129
132
134
135
136
137
138
139
140
141
142
143
144
145
146
147
148
149
150
152
153
154
155
156
157
158
159
161
162
163
164
165
166
167
168
169
170
171
172
173
174
175
176
177
178
179
180
182
183
184
185
186
187
192
193
194
195
196
197
198
199
200
201
203
204
205
207
211
212
213
214
215
216
218
219
220
221
222
223
224
225
226
227
228
229
231
232
233
234
235
236
237
238
239
240
241
242
243
244
245
246
247
248
249
250
251
252
253
254
255
257
258
259
260
261
262
265
266
267
268
269
271
272
273
274
275
276
277
278
279
280
281
284
285
287
288
289
290
291
292
293
294
296
297
298
299
300
301
302
303
306
307
308
309
310
311
312
313
314
315
316
318
319
320
321
322
326
327
329
330
331
332
333
334
335
336
337
338
339
340
342
343
344
345
346
348
349
350
363
364
377
378
379
380
381
383
387
388
389
390
391
392
393
395
396
397
398
400
401
402
403
404
405
406
408
409
410
411
414
415
421
422
423
424
425
426
427
429
430
431
433
435
436
437
438
439
440
441
445
451
452
453
454
455
460
462
464
465
466
467
468
469
470
473
475
476
479
480
482
483
488
489
490
492
493
494
496
497
499
500
501
502
503
504
505
506
507
508
509
510
511
512
513
521
522
523
524
525
526
527
530
531
532
533
535
539
540
541
542
543
544
546
547
548
549
550
551
552
553
554
557
558
559
560
561
562
563
564
565
567
568
570
571
573
574
575
576
577
578
579
580
581
582
583
584
585
586
587
588
590
591
592
593
594
595
596
597
598
599
600
601
602
603
604
605
606
607
608
609
612
613
614
615
616
617
618
619
620
621
622
623
624
625
626
627
628
629
630
631
632
633
634
635
636
637
638
639
640
641
642
643
644
646
647
648
649
650
651
652
653
654
655
657
658
659
660
661
662
663
664
665
666
667
668
669
670
671
672
673
674
675
676
678
679
680
681
682
686
687
688
690
691
692
693
694
695
696
697
698
699
700
701
702
703
704
705
707
708
709
710
711
712
713
714
742
744
745
746
747
750
751
752
753
754
755
756
757
759
760
762
763
764
765
766
768
769
770
771
772
773
775
776
777
778
779
780
781
782
783
784
786
787
788
789
790
791
792
793
794
795
796
797
800
801
802
803
804
805
806
807
808
809
810
811
812
813
814
816
817
818
819
820
821
823
824
825
826
827
828
829
830
831
832
833
834
837
838
839
840
841
842
843
844
845
846
847
848
849
850
851
853
854
855
856
857
858
859
860
861
862
863
864
865
866
867
868
869
870
871
872
873
874
875
877
879
880
881
883
884
886
887
888
889
890
891
892
895
896
897
898
899
900
901
902
903
905
907
909
910
911
912
913
914
916
917
918
919
920
921
922
923
924
925
926
927
928
929
931
934
935
936
938
939
940
941
942
943
944
946
947
948
949
950
951
953
954
955
956
957
961
962
963
964
965
966
967
968
975
976
977
978
979
980
981
982
983
984
985
986
987
988
989
990
991
992
993
994
995
996
1018
1023
1024
1039
1040
1049
1050
1051
1052
1058
1059
1073
1075
1088
1089
1090
1091
1092
1093
1103
1114
1116
1123
1124
1125
1126
1127
1162
1164
1165
1213
1245
1246
1247
1248
1249
1250
1251
1252
1253
1255
1257
1259
1262
1265
1267
1268
1271
1272
1273
1277
1278
1279
1280
1281
1282
1294
1358
1359
1360
1363
1364
1365
1366
1367
1368
1369
1370
1371
1372
1373
1374
1375
1376
1377
1378
1379
1380
1381
1382
1389
1391
1392
1393
1394
1396
1398
1402
1403
1404
1405
1406
1407
1408
1410
1411
1412
1413
1414
1415
1417
1418
1420
1421
1422
1427
1428
1429
1430
1433
1435
1439
1440
1441
1443
1444
1448
1452
1479
1480
1483
1484
1485
1487
1491
1492
1493
1494
1495
1496
1497
1498
1499
1523
1534
1535
1537
1538
1540
1541
1542
1544
1546
1547
1548
1550
1551
1552
1553
1554
1555
1557
1559
1561
1562
1563
1566
1567
1571
1572
1573
1574
1576
1577
1578
1579
1580
1581
1584
1585
1586
1587
1588
1589
1590
1591
1592
1593
1594
1595
1597
1598
1599
1600
1607
1610
1611
1613
1618
1619
1620
1621
1622
1623
1624
1626
1627
1628
1629
1630
1632
1633
1634
1635
1636
1637
1639
1640
1641
1642
1643
1644
1645
1646
1647
1648
1649
1651
1653
1654
1656
1660
1662
1665
1666
1667
1669
1672
1675
1676
1677
1678
1680
1682
1683
1685
1687
1688
1689
1690
1691
1694
1696
1698
1700
1701
1702
1705
1710
1712
1713
1714
1715
1716
1717
1718
1719
1720
1721
1722
1723
1725
1727
1730
1734
1738
1770
1772
1773
1774
1775
1776
1777
1778
1779
1781
1783
1786
1788
1791
1792
1793
1802
1807
1808
1809
1811
1812
1813
1815
1816
1817
1818
1819
1824
1825
1826
1829
1830
1831
1832
1833
1834
1835
1836
1841
1842
1843
1844
1845
1846
1847
1850
1852
1853
1857
1858
1859
1872
1873
1874
1878
1879
1880
1882
1883
1885
1887
1888
1890
1891
1892
1893
1894
1895
1900
1901
1902
1903
1904
1907
1908
1909
1911
1913
1917
1918
1919
1921
1922
1923
1924
1926
1927
1931
1933
1934
1936
1937
1939
1941
1942
1944
1945
1946
1947
1948
1949
1950
1951
1954
1955
1956
1957
1958
1959
1963
1965
1966
1967
1968
1969
1970
1975
1976
1978
1979
1985
1986
1987
1988
1989
1990
1991
1992
1993
1994
1995
1996
1997
1999
2000
2001
2003
2005
2006
2007
2008
2009
2011
2013
2014
2015
2016
2017
2018
2019
2020
2021
2022
2023
2024
2026
2028
2029
2033
2034
2038
2039
2042
2043
2044
2045
2046
2047
2048
2054
2055
2056
2057
2058
2059
2061
2062
2064
2067
2069
2071
2074
2075
2082
2084
2085
2086
2087
2088
2091
2094
2095
2097
2098
2099
2100
2103
2105
2107
2108
2109
2110
2111
2112
2114
2115
2116
2117
2118
2119
2122
2123
2124
2133
2134
2135
2140
2142
2144
2148
2149
2151
2152
2153
2155
2157
2160
2161
2162
2163
2164
2165
2168
2171
2172
2176
2179
2182
2185
2193
2196
2200
2202
2207
2210
2211
2212
2239
2241
2246
2251
2252
2255
2259
2260
2262
2263
2264
2266
2267
2268
2269
2270
2274
2275
2277
2280
2282
2284
2287
2288
2289
2290
2291
2292
2293
2294
2295
2297
2300
2302
2307
2310
2312
2313
2319
2320
2321
2322
2323
2330
2332
2334
2335
2348
2355
2357
2359
2360
2362
2370
2371
2383
2413
2428
2433
2436
2438
2440
2441
2447
2453
2455
2457
2463
2469
2470
2486
2487
2493
2501
2502
2503
2517
2518
2525
2527
2528
2539
2546
2565
2566
2567
2575
2576
2577
2587
2593
2604
2605
2608
2609
2610
2611
2612
2613
2614
2616
2617
2619
2620
2621
2623
2625
2636
2637
2639
2640
2642
2649
2652
2654
2655
2657
2661
2662
2665
2666
2667
2668
2669
2671
2675
2687
2690
2698
2721
2722
2728
2731
2742
2748
2749
2750
2752
2753
2755
2756
2757
2758
2759
2760
2761
2762
2767
2768
2769
2770
2771
2777
2778
2779
2786
2787
2788
2789
2800
2805
2817
2830
2832
2841
2860
2882
2887
2891
2892
2894
2895
2897
2898
2899
2900
2907
2912
2923
2924
2925
2926
2928
2959
2972
2976
2977
2978
2981
2984
2990
2994
2998
3001
3009
3010
3011
3016
3019
3021
3022
3023
3024
3028
3031
3033
3034
3035
3036
3040
3043
3049
3050
3053
3055
3059
3060
3061
3062
3063
3064
3065
3072
3073
3074
3075
3076
3077
3078
3079
3080
3082
3083
3084
3085
3086
3087
3088
3089
3090
3092
3093
3101
3103
3109
3110
3111
3112
3114
3115
3116
3117
3121
3127
3131
3132
3133
3134
3170
3172
3173
3175
3176
3177
3179
3291
3293
3309
3396
3418
3426
3432
3469
3472
3482
3484
3486
3489
3509
3512
3515
3525
3526
3527
3529
3536
3537
3543
3547
3549
3554
3558
3563
3573
3574
3575
3577
3586
3587
3591
3593
3594
3595
3596
3597
3598
3600
3603
3604
3635
3638
3640
3681
3682
3683
3716
3763
3764
3766
3767
3777
3780
3782
3784
3870
3875
3877
3902
3933
3934
3980
3981
3989
4011
4012
4024
4025
4031
4032
4034
4043
4104
4105
4107
4108
4133
4141
4147
4154
4169
4170
4173
4174
4175
4176
4191
4192
4193
4201
4202
4203
4232
4233
4234
4235
4241
4244
4247
4248
4251
4254
4256
4257
4267
4271
4281
4283
4291
4296
4307
4326
4327
4338
4339
4347
4348
4349
4351
4365
4368
4375
4377
4379
4380
4413
4415
4421
4435
4437
4441
4442
4460
4464
4474
4476
4477
4478
4480
4481
4482
4483
4484
4485
4486
4488
4495
4497
4499
4507
4512
4513
4515
4516
4517
4518
4520
4523
4538
4539
4543
4547
4550
4551
4552
4553
4558
4561
4566
4584
4587
4588
4592
4593
4595
4599
4612
4613
4614
4628
4629
4638
4639
4643
4657
4658
4688
4689
4703
4708
4710
4722
4723
4762
4771
4772
4780
4781
4787
4789
4806
4808
4816
4823
4824
4825
4836
4837
4858
4879
4886
4889
4896
4909
4911
4912
4913
4916
4917
4918
4923
4925
4927
4928
4929
4935
4939
4942
4946
4951
4952
4953
4954
4958
4961
4962
4964
4965
4967
4970
4972
4973
4974
4975
4977
4978
4982
4984
4985
4986
4988
4989
4993
4995
4997
5000
5001
5048
5051
5052
5055
5062
5070
5071
5072
5121
5122
5123
5125
5126
5137
5143
5145
5146
5155
5156
5165
5168
5172
5174
5175
5176
5177
5179
5183
5185
5187
5203
5204
5205
5206
5227
5228
5236
5237
5241
5247
5248
5255
5257
5259
5261
5279
5289
5319
5332
5333
5335
5336
5353
5375
5393
5413
5425
5470
5471
5481
5483
5485
5486
5488
5491
5493
5503
5506
5511
5511
5516
5521
5528
5544
5548
5549
5550
5551
5552
5558
5559
5608
5618
5620
5622
5638
5651
5652
5653
5678
5680
5683
5689
5691
5693
5698
5708
5709
5717
5718
5721
5722
5723
5725
5726
5729
5741
5757
5765
5767
5769
5780
5781
5801
5817
5820
5822
5825
5842
5844
5845
5851
5852
5854
5857
5876
5879
5889
5890
5894
5902
5910
5915
5916
5917
5919
5920
5921
5922
5923
5924
5925
5927
5928
5951
5955
5956
5961
5966
5967
5968
5971
5991
5994
5996
5998
6003
6007
6016
6020
6022
6023
6028
6037
6038
6068
6069
6071
6072
6073
6075
6076
6077
6081
6106
6114
6116
6145
6166
6171
6173
6183
6187
6217
6264
6277
6278
6279
6280
6282
6283
6312
6317
6341
6346
6373
6382
6391
6393
6396
6404
6414
6415
6435
6439
6440
6443
6444
6463
6466
6470
6471
6472
6476
6477
6478
6479
6488
6498
6499
6519
6520
6521
6522
6523
6524
6529
6535
6537
6538
6552
6557
6575
6589
6593
6609
6615
6619
6620
6623
6637
6639
6641
6643
6644
6646
6691
6715
6723
6795
6844
6877
6878
6916
6917
6933
6934
6935
6947
6949
6950
6951
6957
6961
6963
6964
6970
6973
6974
6977
6978
7007
7008
7010
7011
7012
7015
7090
7091
7093
7095
7131
7182
7183
7191
7211
7214
7216
7219
7220
7227
7229
7233
7270
7278
7288
7291
7294
7295
7299
7300
7301
7303
7304
7305
7326
7340
7341
7342
7343
7345
7347
7348
7350
7351
7364
7442
7443
7450
7451
7452
7453
7454
7457
7461
7483
7484
7485
7500
7501
7504
7506
7508
7509
7510
7511
7512
7514
7515
7516
7518
7520
7547
7548
7549
7551
7552
7553
7555
7736
7737
7797
7839
7840
7857
7859
7862
7863
7870
7872
7873
7874
7913
7942
7944
7972
7973
7974
7975
7979
7984
7985
7988
7992
8005
8007
8009
8010
8011
8012
8016
8043
8046
8047
8051
8052
8053
8056
8060
8065
8066
8067
8068
8069
8072
8073
8074
8075
8076
8077
8078
8079
8080
8090
8092
8094
8095
8129
8130
8141
8193
8194
8195
8197
8198
8199
8202
8204
8208
8214
8216
8217
8219
8220
8221
8222
8223
8224
8247
8270
8271
8272
8273
8281
8286
8288
8289
8290
8291
8292
8293
8321
8324
8325
8326
8327
8328
8329
8332
8333
8336
8337
8340
8341
8342
8346
8348
8356
8357
8358
8363
8367
8374
8386
8388
8390
8391
8392
8393
8398
8408
8409
8410
8413
8414
8416
8420
8421
8422
8424
8425
8427
8428
8435
8436
8438
8439
8440
8441
8443
8446
8447
8452
8456
8457
8461
8463
8467
8468
8469
8470
8487
8488
8489
8491
8494
8512
8536
8545
8555
8583
8584
8587
8588
8592
8618
8619
8643
8649
8653
8656
8665
8669
8672
8675
8676
8688
8689
8690
8691
8696
8697
8698
8699
8737
8738
8740
8741
8744
8745
8748
8764
8765
8766
8769
8785
8810
8814
8816
8818
8831
8834
8835
8838
8839
8840
8842
8843
8844
8845
8848
8849
8850
8851
8852
8854
8856
8859
8860
8866
8867
8868
8869
8870
8871
8872
8873
8874
8875
8879
8913
8914
8916
8920
8922
8923
8944
8953
8954
8961
8963
8968
8970
8973
8974
8975
8976
8978
8981
8982
8983
8984
8986
8987
8988
8989
8991
8992
8996
8998
8999
9003
9005
9007
9008
9009
9011
9012
9013
9016
9021
9023
9024
9025
9026
9027
9028
9030
9032
9033
9034
9035
9036
9037
9038
9039
9040
9041
9042
9043
9044
9045
9051
9053
9054
9056
9057
9058
9059
9060
9061
9062
9063
9064
9065
9066
9067
9070
9071
9072
9073
9074
9075
9077
9078
9079
9080
9081
9082
9085
9086
9087
9089
9090
9091
9093
9095
9096
9098
9099
9100
9101
9102
9103
9104
9208
9255
9256
9257
9260
9261
9262
9263
9264
9266
9267
9268
9270
9271
9272
9273
9275
9276
9277
9278
9279
9280
9281
9282
9283
9285
9286
9289
9290
9291
9292
9293
9294
9296
9297
9298
9299
9300
9301
9302
9303
9304
9305
9306
9308
9310
9311
9312
9313
9314
9315
9316
9317
9318
9319
9320
9322
9323
9325
9326
9327
9331
9333
9334
9335
9336
9339
9340
9341
9342
9343
9344
9346
9348
9349
9350
9352
9353
9354
9355
9356
9357
9358
9359
9360
9361
9362
9366
9367
9372
9373
9374
9377
9378
9382
9383
9384
9385
9386
9387
9388
9389
9390
9391
9392
9393
9394
9395
9396
9397
9398
9399
9400
9401
9403
9404
9405
9406
9407
9408
9409
9410
9411
9413
9414
9415
9416
9417
9421
9422
9423
9424
9425
9426
9427
9428
9429
9430
9431
9433
9434
9437
9438
9439
9440
9441
9442
9443
9444
9445
9446
9447
9448
9449
9450
9451
9452
9453
9454
9455
9456
9457
9458
9459
9460
9461
9462
9463
9464
9465
9466
9469
9470
9471
9472
9473
9474
9475
9476
9477
9479
9480
9481
9482
9483
9486
9487
9488
9489
9490
9491
9493
9494
9495
9499
9501
9504
9506
9507
9509
9513
9515
9516
9517
9519
9522
9523
9524
9526
9528
9529
9530
9531
9532
9533
9534
9535
9536
9538
9540
9541
9542
9544
9545
9546
9548
9549
9550
9552
9555
9556
9557
9558
9559
9560
9561
9562
9563
9564
9566
9567
9568
9569
9570
9571
9573
9574
9576
9581
9582
9583
9584
9585
9586
9587
9588
9589
9591
9593
9594
9595
9597
9598
9599
9600
9602
9603
9604
9605
9606
9607
9609
9610
9611
9612
9613
9614
9615
9616
9618
9619
9620
9621
9622
9623
9624
9625
9626
9631
9636
9637
9638
9641
9644
9645
9647
9648
9651
9652
9653
9654
9655
9656
9659
9660
9662
9663
9664
9665
9666
9667
9669
9671
9672
9674
9675
9676
9678
9679
9680
9681
9682
9683
9684
9685
9686
9687
9688
9689
9691
9692
9693
9694
9696
9697
9698
9699
9700
9701
9702
9703
9705
9707
9708
9709
9710
9713
9714
9715
9716
9717
9718
9719
9722
9725
9726
9727
9728
9729
9730
9731
9737
9738
9739
9740
9741
9745
9746
9748
9749
9750
9754
9756
9757
9759
9760
9762
9763
9764
9766
9767
9768
9769
9770
9771
9772
9773
9775
9776
9777
9778
9779
9781
9782
9784
9785
9786
9787
9788
9791
9792
9793
9794
9796
9797
9798
9799
9800
9801
9802
9804
9806
9809
9812
9813
9815
9816
9819
9820
9821
9822
9823
9824
9825
9826
9827
9828
9829
9833
9835
9836
9837
9838
9839
9840
9842
9843
9844
9845
9846
9847
9849
9867
9869
9871
9872
9873
9874
9876
9877
9879
9880
9882
9884
9885
9886
9889
9890
9893
9894
9895
9896
9898
9899
9900
9901
9902
9903
9904
9905
9906
9907
9909
9910
9911
9912
9913
9917
9918
9919
9920
9921
9922
9923
9927
9928
9929
9930
9932
9941
9942
9944
9945
9946
9947
9950
9951
9952
9953
9954
9955
9956
9957
9958
9959
9960
9962
9963
9964
9966
9967
9968
9969
9972
9975
9977
9978
9980
9981
9982
9986
9988
9989
9991
9992
9993
9994
9995
10001
10002
10003
10007
10008
10009
10012
10013
10014
10015
10016
10017
10019
10020
10021
10022
10023
10025
10027
10028
10029
10030
10032
10033
10034
10035
10040
10045
10046
10047
10048
10050
10051
10052
10053
10054
10056
10057
10060
10061
10065
10066
10067
10068
10069
10070
10071
10072
10073
10074
10075
10077
10081
10083
10086
10087
10090
10092
10093
10096
10098
10102
10103
10105
10107
10110
10112
10115
10116
10117
10118
10122
10126
10127
10128
10130
10131
10132
10133
10134
10135
10136
10137
10141
10142
10144
10145
10147
10149
10150
10152
10153
10154
10155
10156
10157
10158
10159
10160
10161
10162
10163
10164
10166
10167
10168
10169
10170
10172
10173
10174
10176
10177
10178
10179
10180
10204
10205
10206
10207
10208
10209
10210
10212
10213
10214
10215
10216
10217
10218
10219
10220
10222
10223
10225
10226
10227
10228
10229
10232
10234
10235
10236
10237
10238
10239
10242
10243
10246
10247
10249
10253
10254
10261
10263
10264
10269
10274
10276
10278
10279
10280
10281
10283
10285
10288
10293
10294
10297
10299
10303
10304
10305
10306
10307
10308
10309
10310
10312
10314
10319
10320
10322
10323
10324
10326
10327
10328
10329
10330
10331
10333
10336
10337
10338
10339
10340
10341
10342
10344
10345
10347
10348
10349
10350
10351
10354
10355
10357
10361
10363
10364
10366
10368
10371
10373
10375
10376
10377
10379
10380
10381
10383
10384
10385
10386
10387
10388
10389
10390
10391
10393
10394
10395
10396
10397
10398
10399
10400
10401
10402
10403
10404
10406
10407
10409
10410
10411
10412
10413
10414
10416
10419
10423
10424
10425
10426
10427
10428
10431
10433
10434
10435
10436
10437
10438
10439
10440
10442
10443
10445
10447
10448
10449
10451
10452
10461
10462
10464
10466
10467
10468
10471
10472
10474
10475
10476
10477
10478
10479
10480
10481
10482
10484
10485
10486
10489
10490
10491
10493
10494
10495
10496
10497
10498
10499
10501
10502
10510
10511
10513
10514
10515
10518
10520
10525
10530
10531
10533
10534
10535
10536
10537
10538
10539
10540
10543
10544
10545
10546
10547
10548
10549
10550
10551
10552
10553
10555
10557
10559
10560
10562
10563
10564
10567
10568
10569
10570
10571
10573
10575
10576
10577
10585
10586
10587
10588
10589
10590
10591
10592
10597
10599
10601
10603
10604
10606
10607
10608
10609
10610
10611
10612
10613
10615
10617
10618
10619
10622
10623
10625
10627
10628
10629
10630
10631
10632
10633
10634
10635
10636
10637
10640
10641
10642
10643
10644
10646
10647
10648
10649
10650
10651
10652
10653
10654
10655
10656
10657
10658
10660
10663
10668
10669
10670
10671
10673
10674
10675
10676
10677
10678
10680
10683
10684
10685
10686
10687
10688
10690
10691
10692
10693
10694
10696
10697
10699
10700
10703
10705
10706
10707
10708
10710
10711
10712
10714
10715
10718
10719
10720
10722
10723
10724
10725
10726
10727
10728
10729
10730
10731
10733
10734
10735
10739
10740
10741
10742
10743
10744
10747
10750
10751
10753
10754
10756
10757
10758
10759
10760
10762
10763
10765
10766
10768
10770
10771
10772
10773
10774
10775
10776
10778
10779
10780
10781
10782
10783
10784
10785
10786
10787
10790
10794
10795
10796
10797
10798
10799
10801
10802
10803
10804
10805
10806
10808
10810
10823
10824
10829
10830
10831
10832
10833
10834
10835
10836
10837
10839
10843
10844
10845
10846
10847
10849
10851
10855
10856
10857
10858
10859
10860
10861
10862
10863
10865
10866
10867
10868
10869
10871
10872
10873
10874
10875
10876
10877
10878
10879
10880
10881
10882
10884
10889
10890
10894
10895
10896
10897
10905
10906
10907
10909
10910
10911
10912
10913
10915
10918
10922
10923
10925
10929
10930
10934
10935
10937
10938
10943
10944
10945
10947
10948
10949
10950
10951
10952
10954
10955
10956
10957
10961
10970
10971
10972
10973
10974
10975
10978
10981
10982
10984
10985
10987
10988
10989
10990
10991
10992
10994
10995
10996
10997
10998
10999
11000
11001
11002
11003
11004
11005
11006
11007
11008
11009
11010
11011
11012
11013
11015
11016
11017
11018
11019
11020
11022
11023
11024
11025
11026
11027
11028
11030
11031
11033
11034
11035
11036
11037
11038
11040
11041
11042
11044
11045
11046
11047
11049
11050
11051
11052
11054
11056
11057
11058
11059
11060
11062
11064
11065
11066
11067
11068
11069
11071
11072
11074
11075
11076
11077
11078
11081
11082
11083
11085
11086
11087
11088
11090
11091
11092
11093
11096
11099
11101
11103
11104
11107
11109
11112
11113
11114
11120
11121
11123
11128
11129
11130
11131
11132
11133
11134
11135
11137
11139
11141
11143
11145
11148
11153
11157
11158
11159
11161
11162
11163
11164
11165
11167
11169
11170
11171
11172
11174
11176
11177
11178
11183
11184
11185
11186
11187
11190
11191
11194
11196
11197
11198
11199
11202
11205
11206
11208
11209
11212
11214
11215
11216
11217
11219
11220
11221
11222
11223
11224
11225
11227
11228
11229
11230
11231
11232
11234
11235
11236
11237
11239
11240
11243
11244
11246
11247
11249
11252
11253
11257
11258
11259
11281
11282
11283
11284
11285
11286
11287
11291
11293
11296
11297
11298
11299
11300
11302
11304
11305
11306
11307
11308
11309
11310
11313
11314
11315
11316
11317
11318
11319
11326
11327
11328
11329
11330
11331
11332
11333
11335
11336
11337
11338
11340
11342
11343
11344
11347
11348
11349
11351
11352
11353
11354
11355
11356
11357
11358
11359
11360
11361
11362
11363
11364
11365
11366
11368
11370
11371
11372
11374
11375
11377
11378
11379
11380
11381
11382
11384
11385
11386
11387
11393
11395
11397
11398
11399
11400
11401
11402
11404
11411
11412
11413
11414
11415
11416
11417
11418
11419
11420
11421
11422
11423
11424
11426
11427
11428
11429
11431
11442
11443
11444
11446
11447
11448
11449
11450
11451
11452
11453
11454
11455
11456
11457
11458
11459
11460
11462
11463
11465
11466
11467
11468
11469
11470
11471
11472
11474
11475
11476
11477
11478
11479
11481
11482
11483
11484
11485
11489
11490
11492
11494
11495
11497
11498
11502
11503
11504
11506
11507
11509
11510
11511
11513
11515
11516
11517
11519
11520
11521
11522
11523
11524
11525
11526
11527
11528
11529
11531
11532
11533
11534
11535
11536
11537
11541
11542
11543
11544
11545
11546
11547
11548
11549
11551
11553
11554
11556
11557
11558
11559
11560
11561
11562
11563
11564
11565
11566
11568
11569
11570
11571
11572
11573
11574
11575
11576
11577
11578
11583
11584
11586
11587
11588
11589
11590
11591
11592
11593
11594
11595
11596
11597
11598
11599
11600
11601
11602
11605
11606
11607
11609
11610
11615
11617
11618
11619
11620
11621
11622
11624
11626
11627
11628
11629
11630
11632
11633
11634
11635
11637
11638
11639
11644
11645
11646
11647
11648
11649
11650
11652
11654
11655
11656
11657
11658
11659
11660
11661
11662
11663
11667
11673
11674
11675
11676
11678
11679
11683
11684
11686
11687
11688
11689
11690
11692
11694
11697
11698
11700
11702
11703
11704
11705
11706
11707
11708
11710
11712
11713
11718
11770
11772
11773
11774
11775
11777
11778
11779
11780
11782
11787
11790
11791
11796
11797
11798
11799
11800
11804
11806
11808
11811
11812
11814
11815
11816
11817
11820
11821
11822
11823
11824
11825
11826
11827
11828
11830
11831
11832
11834
11835
11836
11837
11838
11839
11841
11843
11844
11845
11846
11847
11848
11849
11850
11851
11852
11853
11854
11855
11856
11857
11858
11859
11860
11861
11862
11863
11864
11866
11867
11868
11870
11873
11876
11878
11879
11880
11881
11884
11886
11888
11889
11890
11891
11892
11893
11894
11895
11896
11897
11898
11899
11900
11901
11902
11904
11905
11906
11907
11908
11909
11911
11915
11916
11929
11931
11932
11933
11934
11935
11936
11937
11938
11939
11940
11942
11943
11944
11945
11948
11949
11950
11951
11953
11954
11955
11956
11958
11959
11962
11963
11966
11967
11968
11969
11970
11971
11972
11973
11974
11975
11976
11977
11978
11979
11980
11982
11983
11985
11986
12079
12085
12086
12088
12089
12090
12092
12093
12094
12096
12100
12101
12102
12103
12104
12105
12106
12107
12109
12110
12112
12116
12117
12118
12120
12121
12122
12123
12127
12129
12130
12138
12139
12140
12142
12143
12144
12145
12146
12147
12149
12150
12151
12153
12154
12157
12158
12159
12160
12167
12171
12177
12178
12183
12184
12185
12186
12187
12205
12206
12207
12208
12211
12212
12220
12222
12223
12225
12227
12228
12229
12230
12232
12233
12235
12236
12237
12238
12239
12241
12246
12249
12251
12253
12257
12259
12262
12268
12271
12276
12277
12278
12279
12280
12281
12308
12309
12310
12311
12312
12335
12395
12435
12453
12454
12455
12456
12472
12475
12476
12477
12478
12479
12480
12481
12483
12484
12487
12488
12489
12490
12491
12493
12496
12497
12498
12499
12500
12501
12502
12503
12505
12506
12508
12509
12516
12517
12518
12519
12520
12521
12524
12526
12527
12528
12530
12531
12535
12537
12538
12540
12543
12544
12545
12547
12548
12554
12555
12559
12560
12561
12574
12576
12577
12579
12580
12582
12583
12584
12589
12590
12591
12593
12596
12597
12599
12600
12606
12610
12611
12612
12614
12615
12616
12617
12618
12619
12622
12623
12625
12626
12627
12628
12629
12632
12633
12634
12635
12637
12639
12646
12647
12649
12650
12651
12652
12653
12655
12656
12657
12658
12659
12660
12661
12662
12663
12664
12665
12684
12695
12698
12700
12701
12702
12703
12704
12705
12706
12707
12708
12709
12710
12713
12714
12715
12716
12717
12719
12720
12721
12722
12723
12724
12761
12762
12763
12764
12766
12767
12770
12771
12772
12773
12774
12775
12776
12777
12778
12779
12780
12793
12795
12799
12800
12802
12806
12812
12855
12877
12888
12890
12901
12919
12920
12921
12924
12994
13005
13006
13014
13016
13020
13023
13025
13041
13054
13059
13063
13064
13066
13067
13068
13072
13073
13074
13075
13076
13098
13105
13120
13121
13122
13127
13132
13140
13141
13153
13154
13155
13156
13158
13159
13160
13163
13166
13168
13169
13171
13173
13185
13187
13188
13192
13193
13195
13196
13197
13198
13199
13201
13203
13209
13210
13222
13225
13241
13245
13249
13250
13252
13257
13260
13275
13280
13282
13299
13315
13317
13318
13319
13320
13321
13333
13337
13339
13341
13342
13343
13346
13348
13352
13362
13363
13364
13365
13368
13369
13370
13371
13372
13373
13374
13376
13377
13380
13384
13385
13386
13393
13398
13402
13403
13408
13409
13411
13416
13428
13432
13433
13435
13438
13439
13440
13441
13446
13457
13460
13465
13466
13468
13474
13476
13481
13482
13483
13485
13490
13491
13493
13495
13496
13497
13498
13499
13501
13503
13505
13508
13509
13511
13514
13524
13526
13528
13529
13531
13533
13536
13537
13538
13539
13549
13550
13551
13552
13553
13554
13555
13559
13560
13562
13567
13569
13571
13572
13573
13574
13580
13581
13589
13595
13597
13612
13633
13641
13644
13653
13665
13666
13667
13668
13669
13671
13673
13680
13681
13682
13685
13688
13689
13691
13696
13697
13698
13700
13701
13702
13703
13704
13715
13716
13742
13751
13754
13757
13762
13763
13764
13765
13766
13767
13768
13771
13776
13777
13778
13783
13785
13787
13791
13794
13795
13802
13807
13815
13816
13817
13818
13819
13820
13821
13823
13824
13850
13852
13853
13861
13885
13888
13889
13891
13894
13898
13899
13907
13908
13909
13911
13912
13913
13915
13916
13919
13920
13922
13935
13936
13937
13938
13939
13945
13950
13958
13960
13962
13963
13965
13966
13967
13969
13979
13982
13984
13994
13995
13997
13998
14001
14002
14012
14013
14014
14022
14024
14029
14030
14033
14034
14035
14040
14041
14043
14047
14052
14054
14055
14057
14062
14064
14066
14069
14073
14087
14097
14108
14112
14113
14114
14117
14118
14120
14123
14125
14134
14136
14137
14140
14144
14148
14157
14166
14167
14168
14170
14171
14174
14175
14177
14181
14190
14191
14195
14198
14199
14201
14202
14207
14208
14217
14219
14220
14223
14226
14237
14239
14240
14241
14242
14249
14251
14256
14258
14262
14267
14268
14269
14271
14272
14273
14275
14277
14278
14279
14280
14282
14283
14284
14285
14286
14287
14289
14290
14291
14292
14293
14295
14308
14310
14313
14317
14320
14328
14334
14336
14337
14342
14347
14351
14358
14361
14362
14367
14369
14370
14372
14373
14375
14384
14389
14390
14396
14398
14411
14412
14421
14423
14425
14429
14430
14433
14434
14439
14441
14442
14443
14444
14449
14455
14457
14460
14462
14464
14469
14474
14475
14484
14506
14510
14517
14521
14522
14527
14533
14534
14537
14544
14547
14550
14551
14553
14554
14557
14573
14576
14577
14578
14580
14583
14584
14585
14587
14588
14589
14590
14594
14595
14597
14603
14604
14605
14612
14615
14621
14623
14624
14626
14628
14629
14633
14635
14636
14638
14645
14646
14651
14652
14653
14662
14664
14667
14670
14671
14672
14674
14675
14676
14677
14683
14684
14689
14694
14695
14696
14698
14703
14709
14710
14729
14736
14741
14742
14746
14750
14752
14753
14757
14761
14770
14774
14776
14778
14785
14788
14793
14794
14797
14799
14801
14804
14805
14807
14809
14811
14812
14815
14817
14819
14821
14822
14823
14831
14832
14837
14839
14842
14844
14845
14846
14848
14854
14864
14868
14873
14874
14877
14881
14883
14886
14887
14891
14892
14893
14897
14900
14902
14904
14905
14906
14908
14911
14919
14922
14923
14924
14926
14929
14930
14931
14942
14945
14963
14978
14980
15005
15006
15007
15008
15013
15017
15018
15020
15022
15028
15031
15035
15037
15045
15048
15049
15050
15053
15058
15059
15070
15074
15077
15081
15083
15096
15097
15098
15104
15119
15120
15121
15122
15124
15128
15136
15138
15139
15142
15143
15144
15152
15155
15156
15158
15163
15170
15171
15173
15177
15184
15185
15186
15192
15196
15198
15209
15213
15237
15239
15242
15244
15247
15250
15251
15256
15258
15259
15263
15264
15265
15267
15271
15276
15278
15292
15300
15301
15310
15313
15318
15319
15321
15325
15347
15361
15363
15365
15366
15370
15371
15374
15379
15383
15389
15390
15392
15393
15394
15395
15397
15401
15402
15413
15417
15421
15443
15462
15477
15482
15484
15486
15487
15489
15497
15503
15506
15511
15513
15514
15515
15516
15556
15559
15560
15564
15566
15568
15573
15581
15582
15590
15592
15596
15598
15600
15602
15613
15618
15624
15639
15644
15647
15648
15651
15655
15658
15659
15660
15664
15665
15667
15668
15669
15673
15675
15677
15689
15696
15697
15698
15708
15716
15717
15720
15723
15730
15734
15739
15742
15745
15752
15762
15764
15765
15767
15771
15785
15787
15788
15789
15794
15797
15800
15802
15813
15824
15842
15849
15850
15855
15856
15867
15873
15875
15876
15900
15901
15902
15904
15907
15917
15919
15920
15925
15927
15934
15938
15940
15943
15944
15947
15962
15976
15983
15990
15992
15999
16003
16018
16022
16026
16028
16052
16066
16070
16072
16074
16077
16081
16082
16083
16084
16085
16090
16093
16094
16096
16097
16103
16110
16112
16113
16121
16124
16127
16129
16131
16132
16133
16136
16138
16139
16146
16148
16149
16151
16153
16154
16155
16156
16158
16161
16162
16172
16176
16180
16184
16186
16198
16201
16203
16209
16211
16214
16219
16220
16222
16225
16227
16229
16231
16232
16233
16235
16241
16246
16248
16249
16250
16263
16270
16274
16281
16283
16284
16288
16295
16296
16297
16299
16300
16301
16303
16305
16306
16307
16311
16314
16320
16323
16328
16337
16340
16347
16351
16358
16363
16367
16370
16371
16372
16373
16374
16375
16378
16379
16380
16384
16385
16388
16391
16392
16395
16399
16405
16406
16407
16410
16411
16417
16420
16425
16427
16428
16429
16430
16433
16435
16441
16442
16447
16448
16452
16471
16508
16514
16515
16520
16535
16539
16548
16550
16551
16553
16555
16559
16560
16561
16562
16563
16605
16606
16608
16617
16618
16619
16620
16633
16635
16636
16638
16642
16643
16646
16651
16659
16661
16664
16665
16666
16672
16690
16703
16723
16727
16729
16764
16765
16767
16769
16771
16780
16781
16784
16790
16791
16806
16814
16820
16843
16850
16857
16858
16859
16874
16876
16885
16888
16889
16902
16905
16914
16932
16933
16934
16938
16941
16958
16969
16972
16973
16976
16980
16988
16992
16993
16998
17006
17010
17015
17021
17030
17035
17037
17043
17044
17047
17057
17058
17078
17091
17102
17111
17113
17126
17127
17130
17131
17132
17133
17136
17139
17159
17168
17169
17170
17180
17181
17182
17185
17186
17187
17190
17198
17202
17203
17204
17205
17207
17208
17209
17218
17238
17247
17258
17264
17281
17295
17320
17339
17343
17346
17350
17352
17360
17362
17365
17379
17382
17386
17388
17402
17403
17409
17414
17422
17435
17439
17443
17447
17450
17457
17460
17464
17465
17466
17467
17474
17481
17487
17494
17496
17529
17538
17539
17585
17589
17590
17592
17595
17599
17600
17604
17612
17614
17629
17640
17641
17642
17644
17645
17653
17657
17660
17661
17664
17665
17667
17677
17685
17687
17689
17691
17692
17696
17700
17707
17708
17709
17710
17711
17729
17731
17734
17736
17741
17744
17745
17761
17768
17770
17771
17795
17796
17801
17804
17809
17810
17811
17813
17814
17818
17819
17820
17824
17831
17832
17834
17880
17882
17887
17889
17894
17897
17898
17905
17906
17907
17908
17909
17915
17917
17918
17919
17920
17921
17926
17941
17949
17952
17956
17961
17962
17965
17971
17978
17984
17985
17990
17991
17993
17994
17995
18002
18009
18019
18030
18031
18041
18047
18050
18069
18072
18074
18079
18080
18086
18088
18111
18113
18118
18129
18133
18147
18148
18153
18158
18161
18164
18165
18168
18169
18172
18183
18189
18190
18191
18192
18193
18196
18197
18200
18203
18205
18206
18209
18212
18215
18218
18222
18228
18229
18242
18250
18252
18254
18256
18257
18264
18274
18276
18279
18282
18283
18287
18289
18290
18292
18299
18300
18302
18305
18311
18316
18317
18323
18329
18331
18333
18355
18357
18385
18387
18391
18394
18395
18398
18402
18404
18408
18410
18414
18415
18417
18420
18421
18423
18425
18435
18437
18444
18446
18449
18451
18462
18475
18477
18484
18491
18493
18497
18498
18499
18502
18503
18509
18513
18519
18535
18538
18549
18550
18551
18553
18555
18561
18569
18573
18586
18587
18588
18602
18603
18612
18613
18614
18615
18620
18621
18627
18632
18633
18639
18642
18643
18644
18646
18647
18649
18650
18651
18652
18658
18660
18665
18671
18672
18674
18681
18683
18690
18691
18692
18693
18694
18698
18701
18702
18706
18711
18712
18713
18721
18722
18727
18731
18734
18736
18747
18762
18763
18764
18770
18771
18773
18774
18775
18776
18777
18780
18783
18784
18790
18801
18804
18828
18835
18840
18841
18856
18857
18858
18862
18871
18872
18882
18885
18886
18887
18889
18890
18892
18893
18894
18900
18902
18904
18905
18910
18913
18917
18919
18923
18925
18927
18929
18935
18937
18939
18941
18943
18966
18971
18972
18973
18975
18978
18979
18983
18984
18987
18988
18989
18990
18992
18993
18994
18995
19014
19016
19017
19026
19042
19049
19050
19051
19052
19053
19058
19059
19064
19065
19067
19072
19075
19076
19082
19084
19085
19086
19087
19092
19094
19096
19101
19103
19108
19112
19114
19118
19119
19120
19123
19124
19126
19128
19133
19137
19140
19142
19143
19150
19153
19155
19157
19158
19169
19171
19174
19176
19184
19185
19186
19187
19200
19204
19209
19213
19214
19215
19223
19236
19258
19259
19267
19275
19286
19287
19316
19317
19322
19324
19326
19333
19344
19345
19348
19354
19357
19361
19362
19366
19371
19378
19379
19380
19381
19382
19383
19384
19398
19403
19404
19405
19413
19414
19415
19416
19419
19423
19425
19426
19429
19433
19448
19457
19460
19463
19483
19489
19490
19494
19495
19507
19513
19542
19545
19552
19555
19562
19583
19590
19596
19600
19601
19606
19610
19614
19621
19629
19661
19662
19664
19665
19666
19673
19676
19698
19728
19731
19736
19738
19740
19742
19753
19760
19762
19765
19797
19803
19819
19827
19846
19848
19850
19855
19884
19893
19931
19933
19936
19947
19952
19953
19957
19958
19965
19968
19971
19972
19973
19974
19975
19997
20003
20006
20009
20021
20024
20025
20032
20043
20064
20067
20075
20096
20108
20115
20120
20123
20126
20127
20128
20139
20156
20160
20162
20163
20164
20173
20187
20196
20197
20210
20213
20238
20239
20242
20246
20271
20277
20278
20283
20287
20289
20298
20303
20304
20306
20307
20308
20309
20312
20316
20318
20321
20322
20324
20325
20330
20334
20337
20339
20343
20345
20347
20348
20357
20367
20375
20379
20391
20405
20408
20416
20417
20423
20424
20436
20438
20439
20442
20443
20444
20455
20457
20465
20468
20472
20481
20482
20483
20506
20511
20520
20521
20525
20527
20530
20532
20536
20537
20539
20540
20544
20545
20546
20553
20556
20561
20562
20565
20595
20604
20605
20607
20616
20620
20625
20628
20629
20637
20638
20639
20640
20642
20643
20644
20645
20646
20649
20651
20663
20668
20676
20678
20681
20682
20684
20689
20694
20697
20701
20704
20712
20713
20714
20718
20719
20721
20723
20726
20735
20737
20758
20759
20761
20762
20763
20770
20787
20794
20813
20815
20842
20848
20849
20850
20853
20857
20858
20861
20862
20873
20874
20876
20882
20912
20927
20941
20942
20945
20967
20978
20980
20981
20992
21014
21024
21027
21028
21030
21032
21035
21039
21040
21041
21043
21052
21055
21056
21057
21059
21060
21115
21118
21128
21131
21132
21135
21137
21142
21143
21147
21148
21156
21159
21168
21173
21183
21185
21189
21193
21200
21202
21219
21220
21241
21242
21246
21252
21253
21256
21259
21290
21291
21294
21295
21296
21299
21301
21309
21311
21323
21325
21332
21334
21338
21344
21348
21349
21352
21355
21356
21362
21366
21370
21373
21375
21380
21386
21413
21427
21430
21433
21449
21450
21451
21454
21468
21484
21488
21489
21490
21494
21500
21512
21513
21515
21519
21525
21538
21539
21542
21544
21588
21589
21594
21596
21600
21610
21612
21619
21620
21622
21626
21627
21629
21631
21635
21644
21661
21666
21707
21710
21711
21712
21717
21719
21721
21733
21734
21735
21736
21741
21754
21764
21765
21779
21793
21801
21810
21828
21838
21843
21845
21846
21849
21866
21867
21868
21871
21873
21874
21876
21879
21882
21887
21915
21921
21923
21925
21948
21964
21968
21970
21972
21989
21991
21997
22004
22010
22013
22014
22016
22021
22023
22048
22049
22067
22073
22076
22094
22102
22105
22112
22130
22137
22140
22156
22160
22167
22171
22172
22176
22178
22189
22200
22201
22213
22230
22233
22238
22242
22244
22256
22257
22267
22279
22288
22289
22292
22293
22301
22307
22309
22311
22314
22317
22318
22323
22328
22342
22345
22356
22377
22383
22386
22387
22414
22423
22434
22435
22440
22473
22477
22478
22479
22485
22490
22500
22501
22521
22522
22527
22537
22543
22549
22553
22559
22561
22572
22575
22584
22586
22588
22590
22595
22596
22597
22606
22611
22613
22614
22616
22617
22618
22621
22625
22627
22638
22642
22649
22650
22657
22660
22682
22688
22692
22694
22707
22711
22718
22727
22733
22744
22747
22777
22779
22784
22796
22797
22826
22828
22829
22871
22874
22908
22910
22913
22915
22958
22968
22975
22976
22994
22998
22999
23001
23020
23024
23030
23033
23051
23069
23096
23101
23102
23111
23114
23132
23148
23152
23159
23160
23194
23196
23210
23220
23223
23239
23283
23303
23305
23305
23312
23319
23325
23330
23333
23378
23383
23389
23395
23397
23423
23438
23439
23449
23470
23478
23479
23495
23518
23520
23522
23531
23550
23567
23570
23574
23592
23599
23601
23606
23615
23618
23620
23626
23627
23637
23638
23655
23668
23685
23703
23719
23724
23728
23730
23739
23750
23752
23761
23805
23817
23825
23832
23834
23847
23855
23861
23908
23916
23919
23928
23939
23941
23942
23943
23945
23949
23954
23957
23965
23967
23981
23985
23986
23990
23995
24003
24004
24005
24008
24010
24012
24014
24016
24018
24032
24034
24038
24055
24060
24062
24065
24066
24070
24071
24073
24077
24078
24079
24081
24086
24092
24097
24099
24100
24103
24106
24109
24111
24113
24115
24123
24124
24126
24128
24129
24130
24134
24137
24152
24153
24159
24163
24164
24166
24167
24170
24186
24188
24190
24192
24197
24200
24203
24206
24212
24214
24223
24226
24229
24236
24241
24248
24249
24254
24257
24259
24264
24266
24269
24272
24274
24276
24341
24348
24349
24356
24363
24381
24382
24395
24397
24402
24405
24408
24432
24452
24453
24461
24470
24481
24488
24518
24525
24548
24553
24558
24559
24560
24575
24580
24582
24584
24585
24587
24618
24619
24621
24625
24634
24645
24650
24653
24657
24662
24664
24679
24703
24711
24731
24732
24735
24736
24739
24740
24742
24746
24747
24748
24749
24750
24751
24767
24774
24782
24795
24798
24807
24808
24816
24825
24826
24828
24830
24831
24858
24860
24873
24883
24908
24909
24913
24916
24918
24919
24920
24924
24929
24936
24940
24951
24961
24962
24964
24965
24977
24982
24985
24993
24998
25001
25005
25006
25009
25010
25014
25016
25018
25033
25037
25059
25062
25066
25074
25078
25087
25095
25099
25103
25105
25110
25113
25128
25133
25147
25155
25166
25167
25188
25189
25199
25208
25209
25212
25221
25224
25232
25237
25239
25241
25248
25253
25264
25269
25283
25284
25296
25297
25300
25305
25312
25313
25319
25330
25334
25350
25355
25360
25361
25364
25381
25389
25392
25395
25403
25426
25428
25430
25431
25438
25440
25445
25447
25460
25461
25462
25466
25468
25471
25473
25476
25495
25497
25500
25501
25502
25503
25504
25508
25509
25512
25517
25520
25536
25538
25557
25560
25562
25563
25566
25598
25599
25608
25623
25624
25627
25628
25636
25641
25645
25648
25649
25650
25651
25652
25660
25670
25673
25674
25678
25682
25690
25697
25698
25719
25720
25723
25736
25739
25740
25748
25749
25750
25755
25763
25767
25768
25773
25783
25784
25796
25838
25842
25848
25853
25858
25872
25874
25875
25876
25884
25890
25893
25898
25904
25905
25918
25919
25921
25925
25934
25935
25943
25944
25952
25955
25956
25969
25970
25975
25985
25993
25994
26014
26030
26031
26038
26039
26044
26056
26103
26108
26124
26126
26133
26141
26142
26149
26156
26162
26165
26167
26170
26172
26173
26174
26175
26176
26179
26180
26182
26185
26195
26198
26200
26201
26203
26204
26205
26225
26230
26234
26243
26244
26245
26246
26252
26254
26255
26258
26259
26261
26263
26268
26269
26270
26271
26275
26278
26282
26290
26291
26299
26300
26306
26317
26319
26323
26325
26326
26331
26332
26333
26336
26337
26347
26352
26355
26356
26369
26371
26372
26378
26386
26391
26393
26398
26408
26422
26425
26426
26441
26444
26451
26454
26475
26477
26483
26484
26486
26488
26491
26502
26513
26514
26515
26516
26517
26518
26520
26522
26525
26531
26535
26541
26554
26555
26560
26561
26564
26567
26573
26578
26579
26580
26593
26594
26596
26598
26600
26602
26603
26606
26610
26612
26614
26617
26618
26626
26635
26636
26638
26639
26643
26648
26654
26655
26661
26665
26670
26680
26685
26686
26689
26690
26701
26710
26712
26718
26719
26723
26725
26744
26748
26755
26761
26762
26766
26774
26782
26789
26791
26798
26810
26811
26813
26814
26825
26826
26827
26830
26842
26843
26845
26850
26851
26857
26860
26865
26866
26877
26879
26884
26886
26889
26890
26893
26895
26899
26912
26928
26933
26935
26936
26940
26941
26942
26946
26949
26955
26956
26957
26958
26959
26960
26964
26973
26976
26978
26983
26990
27007
27016
27017
27019
27029
27030
27031
27033
27040
27042
27052
27053
27059
27062
27064
27067
27070
27084
27088
27090
27092
27094
27095
27098
27099
27102
27103
27104
27115
27117
27118
27130
27138
27141
27145
27150
27171
27176
27191
27197
27201
27202
27203
27204
27214
27217
27223
27224
27225
27233
27236
27256
27259
27263
27265
27271
27273
27274
27275
27276
27277
27281
27292
27295
27303
27307
27313
27322
27323
27324
27327
27329
27331
27332
27337
27344
27346
27352
27357
27359
27360
27362
27367
27375
27378
27380
27381
27396
27397
27405
27414
27418
27419
27425
27429
27430
27431
27432
27437
27444
27448
27449
27450
27451
27452
27453
27455
27458
27461
27464
27465
27472
27475
27495
27498
27503
27507
27511
27517
27523
27526
27545
27549
27554
27568
27590
27591
27593
27601
27607
27609
27622
27625
27629
27632
27636
27645
27655
27658
27665
27678
27679
27681
27683
27686
27716
27723
27725
27726
27742
27745
27759
27764
27767
27768
27786
27791
27793
27804
27813
27814
27815
27816
27824
27827
27834
27841
27845
27854
27857
27859
27864
27883
27899
27904
27930
27932
27945
27958
27967
27970
27972
27973
27974
27977
27983
27985
27993
27995
27997
28000
28001
28005
28007
28026
28028
28029
28030
28031
28032
28033
28043
28046
28047
28049
28050
28054
28055
28059
28070
28093
28100
28105
28115
28117
28120
28121
28123
28124
28134
28145
28153
28156
28159
28162
28165
28169
28170
28171
28172
28176
28177
28180
28189
28198
28200
28201
28205
28209
28212
28213
28216
28219
28236
28249
28257
28260
28261
28268
28270
28272
28276
28285
28288
28289
28290
28292
28293
28295
28296
28297
28303
28304
28307
28308
28313
28319
28333
28345
28353
28356
28363
28367
28368
28370
28377
28384
28387
28410
28415
28421
28423
28430
28431
28432
28433
28436
28438
28446
28448
28455
28463
28466
28476
28498
28501
28503
28504
28519
28528
28553
28569
28571
28577
28580
28586
28597
28604
28605
28614
28628
28638
28650
28658
28666
28667
28673
28679
28696
28705
28706
28710
28730
28732
28736
28737
28742
28752
28758
28761
28772
28774
28789
28794
28816
28881
28893
28902
28907
28910
28916
28932
28940
28941
28942
28943
28955
28963
28966
28971
28973
28974
28975
28978
28988
29004
29005
29015
29021
29030
29039
29040
29044
29047
29048
29049
29056
29064
29067
29071
29072
29074
29076
29078
29080
29084
29095
29107
29111
29122
29135
29138
29140
29142
29143
29146
29154
29161
29162
29185
29193
29204
29224
29228
29229
29235
29239
29242
29243
29244
29251
29259
29263
29264
29266
29267
29269
29270
29318
29339
29343
29347
29353
29355
29362
29369
29371
29372
29376
29380
29383
29393
29394
29396
29402
29415
29425
29437
29444
29445
29449
29450
29451
29453
29454
29455
29456
29461
29463
29464
29471
29473
29475
29478
29481
29486
29492
29493
29507
29512
29514
29515
29572
29578
29584
29586
29589
29592
29595
29601
29617
29621
29627
29649
29682
29698
29702
29710
29715
29723
29735
29739
29740
29743
29748
29756
29778
29786
29787
29794
29805
29825
29832
29845
29852
29859
29872
29884
29885
29887
29903
29907
29911
29912
29918
29927
29933
29937
29938
29946
29952
29959
29965
29966
29968
29973
29979
29987
29993
30017
30020
30022
30025
30049
30054
30055
30060
30062
30068
30069
30072
30080
30082
30095
30114
30125
30137
30139
30140
30141
30142
30157
30159
30168
30175
30177
30180
30192
30194
30197
30202
30204
30230
30237
30265
30278
30285
30295
30304
30308
30309
30315
30330
30331
30346
30348
30349
30352
30363
30365
30366
30368
30379
30421
30462
30497
30500
30502
30528
30529
30547
30566
30574
30584
30586
30588
30624
30636
30637
30653
30666
30690
30694
30698
30702
30707
30708
30709
30718
30719
30735
30765
30789
30793
30801
30814
30815
30839
30856
30863
30874
30875
30876
30890
30892
30910
30924
30941
30943
30946
30949
30950
30959
30964
30970
30973
30994
30996
31000
31004
31005
31010
31016
31017
31023
31026
31032
31037
31043
31044
31048
31052
31056
31058
31064
31065
31068
31076
31083
31094
31102
31112
31117
31121
31146
31148
31151
31152
31161
31165
31174
31200
31206
31217
31219
31220
31225
31227
31246
31278
31287
31289
31304
31306
31321
31325
31336
31342
31353
31357
31361
31372
31374
31378
31383
31388
31393
31395
31397
31407
31409
31411
31414
31416
31417
31421
31427
31432
31439
31442
31459
31463
31465
31498
31503
31504
31506
31507
31509
31510
31511
31513
31514
31516
31522
31526
31527
31530
31532
31535
31542
31546
31548
31556
31563
31579
31581
31582
31583
31586
31587
31589
31591
31592
31593
31596
31597
31598
31600
31601
31602
31603
31606
31608
31610
31611
31618
31623
31624
31633
31634
31638
31640
31641
31642
31643
31646
31650
31651
31652
31653
31655
31656
31657
31659
31661
31662
31665
31667
31668
31671
31672
31674
31675
31676
31679
31681
31682
31685
31692
31695
31696
31701
31703
31713
31718
31767
31768
31773
31774
31776
31777
31781
31798
31804
31805
31812
31819
31835
31858
31863
31866
31868
31894
31901
31906
31908
31911
31915
31916
31918
31921
31923
31924
31930
31932
31935
31938
31939
31941
31943
31944
31945
31947
31948
31952
31955
31962
31965
31977
31978
31980
31993
31995
31997
31998
32014
32015
32020
32023
32027
32030
32031
32035
32037
32040
32041
32042
32043
32044
32047
32048
32049
32051
32052
32054
32058
32059
32060
32065
32067
32074
32075
32076
32077
32078
32081
32082
32083
32085
32087
32093
32117
32119
32140
32144
32146
32166
32208
32221
32227
32233
32235
32237
32255
32261
32273
32274
32275
32276
32284
32294
32298
32302
32303
32305
32307
32308
32316
32318
32325
32326
32328
32330
32331
32332
32390
32430
32444
32446
32450
32456
32458
32484
32488
32489
32499
32502
32513
32519
32526
32558
32562
32567
32568
32569
32574
32575
32579
32588
32590
32595
32600
32610
32611
32613
32617
32622
32625
32627
32628
32631
32636
32640
32644
32646
32652
32669
32685
32686
32687
32689
32690
32692
32716
32726
32740
32761
32764
32767
32825
32847
32850
32855
32858
32872
32911
32924
32940
32961
32969
33003
33005
33015
33016
33020
33034
33055
33061
33068
33076
33078
33081
33095
33102
33112
33115
33117
33135
33138
33150
33152
33155
33157
33166
33172
33194
33205
33214
33218
33221
33222
33241
33245
33250
33251
33253
33255
33257
33258
33278
33294
33302
33319
33320
33324
33333
33339
33343
33344
33345
33356
33357
33358
33364
33374
33377
33379
33408
33430
33431
33441
33454
33459
33468
33472
33475
33477
33491
33504
33506
33516
33517
33518
33519
33521
33523
33525
33539
33542
33557
33560
33564
33575
33583
33623
33625
33632
33633
33638
33642
33644
33657
33660
33665
33666
33667
33668
33670
33673
33676
33680
33688
33689
33693
33701
33710
33721
33725
33731
33734
33738
33740
33743
33762
33766
33783
33792
33796
33799
33810
33813
33823
33828
33831
33839
33851
33875
33908
33916
33931
33954
33994
34006
34012
34014
34019
34024
34038
34043
34044
34045
34053
34068
34070
34077
34081
34082
34084
34086
34090
34093
34101
34106
34113
34127
34130
34148
34151
34152
34170
34181
34187
34193
34196
34207
34223
34233
34276
34282
34288
34299
34303
34308
34309
34314
34322
34326
34327
34328
34341
34374
34376
34377
34379
34388
34389
34424
34444
34453
34456
34528
34530
34549
34561
34564
34574
34581
34582
34584
34588
34600
34604
34614
34615
34636
34637
34662
34681
34683
34689
34697
34714
34723
34732
34746
34748
34759
34760
34774
34778
34783
34787
34794
34838
34840
34847
34857
34866
34870
34898
34899
34921
34941
34943
34981
34996
35006
35016
35031
35032
35066
35068
35072
35073
35075
35080
35101
35115
35118
35119
35122
35124
35139
35144
35151
35161
35170
35172
35176
35185
35188
35189
35196
35199
35200
35201
35206
35227
35233
35263
35265
35280
35284
35292
35304
35337
35343
35371
35384
35412
35463
35545
35555
35561
35569
35580
35583
35588
35610
35612
35614
35638
35645
35650
35651
35669
35680
35685
35694
35696
35712
35717
35735
35760
35780
35796
35797
35806
35810
35813
35824
35838
35848
35861
35868
35888
35896
35921
35935
35936
35944
35955
35976
35987
36006
36040
36047
36048
36049
36054
36055
36056
36068
36091
36093
36094
36095
36102
36105
36107
36133
36136
36141
36143
36194
36196
36206
36208
36210
36211
36215
36220
36221
36222
36223
36234
36243
36245
36246
36253
36259
36265
36266
36273
36282
36288
36328
36337
36342
36344
36349
36351
36353
36355
36357
36362
36372
36380
36404
36430
36434
36439
36447
36484
36488
36489
36492
36495
36498
36527
36536
36554
36555
36557
36561
36568
36576
36583
36584
36586
36593
36599
36606
36610
36612
36614
36616
36627
36629
36630
36643
36645
36647
36648
36652
36657
36658
36665
36668
36669
36670
36672
36676
36677
36679
36685
36702
36709
36724
36730
36739
36741
36751
36758
36759
36762
36763
36768
36773
36775
36786
36791
36797
36807
36815
36819
36826
36832
36834
36841
36843
36850
36851
36855
36867
36872
36878
36912
36914
36915
36922
36929
36943
36947
36955
36971
36984
36998
37003
37019
37025
37036
37044
37062
37088
37094
37103
37108
37112
37124
37135
37136
37137
37141
37144
37146
37165
37185
37191
37198
37204
37209
37214
37215
37218
37227
37230
37232
37233
37244
37247
37257
37258
37264
37272
37284
37288
37291
37292
37296
37300
37302
37305
37315
37335
37345
37347
37368
37410
37426
37437
37447
37451
37498
37512
37513
37517
37525
37527
37530
37532
37536
37550
37557
37558
37567
37598
37601
37606
37607
37616
37627
37628
37631
37636
37640
37650
37658
37662
37667
37672
37673
37684
37691
37696
37698
37712
37716
37718
37719
37720
37722
37725
37744
37748
37749
37753
37774
37780
37797
37818
37820
37833
37835
37843
37853
37865
37900
37916
37917
37918
37920
37921
37922
37929
37933
37936
37939
37943
37949
37952
37954
37959
37964
37969
37975
37985
37988
37992
37997
37998
38006
38007
38018
38021
38043
38046
38047
38052
38077
38096
38099
38126
38129
38135
38143
38147
38148
38151
38153
38155
38171
38191
38203
38219
38222
38223
38225
38244
38251
38274
38291
38295
38304
38344
38348
38360
38432
38438
38442
38450
38500
38505
38509
38516
38523
38530
38545
38548
38554
38557
38558
38560
38582
38583
38606
38615
38617
38618
38621
38643
38646
38665
38688
38695
38701
38714
38715
38717
38718
38720
38721
38722
38724
38731
38732
38749
38761
38765
38766
38770
38772
38775
38785
38800
38802
38805
38809
38821
38828
38837
38849
38866
38867
38868
38874
38880
38884
38901
38904
38907
38909
38914
38921
38922
38925
38939
38950
38951
38953
38955
38960
38965
38970
38978
38982
38985
38987
39002
39043
39074
39088
39113
39125
39127
39130
39140
39141
39154
39176
39177
39179
39180
39183
39197
39209
39219
39222
39225
39231
39233
39256
39261
39266
39269
39274
39282
39283
39310
39314
39327
39345
39349
39387
39391
39406
39424
39428
39434
39435
39437
39448
39462
39464
39465
39467
39472
39473
39495
39497
39503
39504
39507
39541
39543
39554
39578
39770
39771
39775
39776
39780
39787
39788
39833
39844
39851
39859
39867
39868
39871
39872
39874
39875
39890
39891
39893
39907
39916
39927
39929
39930
39934
39938
39939
39940
39946
39948
39953
39964
39983
40001
40028
40060
40064
40072
40082
40085
40087
40092
40095
40096
40140
40154
40156
40160
40206
40213
40219
40220
40254
40353
40364
40365
40374
40394
40423
40427
40430
40432
40440
40446
40454
40476
40478
40480
40490
40505
40506
40507
40508
40555
40562
40574
40618
40628
40633
40634
40639
40641
40651
40682
40683
40685
40687
40688
40694
40718
40723
40729
40730
40732
40739
40751
40752
40760
40765
40769
40771
40772
40773
40775
40810
40812
40814
40815
40820
40823
40841
40842
40844
40860
40862
40866
40867
40876
40879
40880
40881
40885
40894
40913
40916
40920
40926
40929
40930
40932
40945
40947
40952
40957
40961
40962
40969
40973
41003
41006
41007
41020
41021
41034
41038
41043
41044
41050
41059
41070
41084
41089
41090
41115
41131
41160
41164
41165
41166
41171
41189
41204
41205
41206
41209
41212
41214
41225
41227
41240
41243
41253
41263
41276
41277
41279
41280
41282
41291
41292
41316
41324
41326
41338
41348
41355
41357
41384
41386
41391
41393
41394
41417
41426
41428
41453
41461
41462
41463
41464
41465
41469
41471
41475
41478
41480
41488
41495
41503
41508
41516
41521
41566
41569
41577
41579
41580
41582
41588
41590
41609
41613
41638
41645
41647
41651
41653
41659
41660
41661
41662
41670
41671
41678
41714
41730
41749
41756
41758
41759
41760
41762
41764
41768
41769
41774
41776
41777
41778
41779
41780
41784
41785
41791
41792
41796
41799
41801
41804
41805
41806
41817
41820
41821
41823
41828
41834
41841
41843
41845
41846
41848
41851
41852
41857
41870
41876
41878
41913
41925
41927
41930
41936
41937
41938
41939
41940
41944
41946
41949
41951
41952
41954
41959
41963
41965
41967
41968
41969
41971
41974
41975
41992
42000
42002
42003
42005
42006
42010
42011
42013
42015
42017
42020
42021
42033
42034
42035
42040
42041
42044
42045
42048
42066
42086
42087
42090
42094
42106
42108
42112
42113
42114
42115
42116
42120
42121
42122
42124
42130
42131
42134
42135
42136
42142
42143
42146
42148
42149
42158
42159
42160
42164
42165
42168
42170
42172
42173
42176
42178
42179
42186
42193
42196
42201
42204
42205
42215
42218
42222
42223
42228
42229
42230
42231
42232
42233
42234
42236
42237
42238
42241
42245
42252
42254
42257
42258
42260
42261
42264
42268
42269
42314
42328
42337
42345
42347
42359
42371
42383
42390
42401
42402
42407
42418
42420
42424
42448
42449
42453
42458
42459
42464
42466
42469
42470
42479
42486
42488
42489
42491
42492
42500
42501
42510
42511
42512
42514
42517
42518
42522
42525
42528
42529
42536
42538
42541
42566
42567
42569
42570
42580
42589
42593
42595
42597
42599
42600
42602
42604
42607
42611
42612
42617
42618
42622
42623
42626
42630
42632
42633
42634
42635
42636
42637
42640
42641
42645
42658
42661
42668
42688
42689
42691
42694
42695
42700
42701
42702
42713
42719
42721
42724
42725
42726
42728
42729
42731
42735
42737
42739
42740
42741
42750
42756
42758
42780
42787
42790
42791
42792
42795
42797
42798
42801
42807
42812
42814
42816
42822
42832
42837
42839
42845
42848
42852
42861
42879
42881
42981
42986
42987
42988
42989
42995
42997
42999
43001
43002
43003
43004
43006
43011
43013
43028
43029
43037
43039
43041
43047
43048
43049
43051
43071
43079
43089
43096
43100
43101
43103
43105
43106
43109
43110
43111
43116
43117
43118
43119
43122
43128
43130
43132
43136
43137
43139
43141
43143
43147
43148
43149
43150
43155
43176
43194
43199
43226
43229
43230
43231
43232
43234
43236
43239
43240
43258
43260
43261
43266
43267
43271
43277
43278
43279
43306
43307
43308
43313
43316
43322
43323
43329
43332
43336
43340
43341
43342
43344
43345
43348
43349
43350
43353
43354
43355
43358
43361
43364
43367
43368
43376
43379
43386
43388
43390
43391
43397
43410
43417
43423
43429
43430
43436
43438
43439
43440
43442
43443
43445
43452
43455
43461
43463
43466
43469
43470
43471
43475
43485
43488
43490
43492
43494
43504
43506
43510
43512
43516
43518
43522
43525
43529
43532
43535
43542
43566
43595
43596
43597
43600
43604
43610
43612
43618
43626
43634
43643
43654
43657
43670
43673
43689
43691
43693
43705
43708
43715
43739
43742
43743
43750
43751
43752
43759
43771
43772
43774
43775
43777
43778
43779
43785
43786
43787
43791
43795
43797
43798
43799
43801
43802
43805
43806
43807
43809
43811
43812
43818
43824
43828
43829
43832
43836
43837
43838
43839
43841
43846
43847
43860
43864
43865
43867
43872
43874
43875
43881
43884
43885
43886
43887
43888
43889
43892
43896
43897
43898
43899
43903
43904
43905
43911
43912
43915
43961
43969
43970
43974
43976
43978
43997
44004
44018
44026
44041
44043
44046
44047
44069
44081
44098
44103
44154
44162
44163
44164
44181
44190
44233
44247
44258
44281
44284
44289
44297
44308
44321
44322
44326
44340
44345
44361
44373
44375
44379
44383
44388
44389
44407
44408
44412
44413
44414
44415
44434
44435
44463
44465
44479
44490
44494
44495
44497
44502
44524
44535
44539
44540
44559
44562
44585
44591
44625
44634
44635
44641
44658
44662
44674
44695
44705
44708
44710
44736
44756
44768
44772
44793
44800
44801
44807
44813
44853
44857
44864
44875
44892
44916
44925
44932
44940
44968
45019
45042
45044
45069
45096
45126
45129
45139
45145
45153
45169
45174
45186
45211
45212
45213
45218
45219
45220
45225
45226
45267
45325
45335
45379
45418
45491
45520
45522
45538
45549
45565
45572
45578
45598
45608
45609
45664
45671
45691
45693
45694
45695
45706
45712
45713
45726
45757
45759
45767
45793
45799
45802
45824
45827
45840
45861
45862
45864
45871
45874
45878
45881
45899
45905
45928
45929
45935
45938
45964
45967
45978
46007
46021
46027
46029
46041
46059
46063
46067
46069
46081
46088
46094
46119
46187
46286
46315
46326
46338
46364
46435
46466
46495
46498
46591
46592
46594
46614
46625
46681
46686
46688
46691
46702
46717
46727
46732
46748
46754
46761
46767
46774
46785
46786
46797
46798
46814
46817
46825
46828
46831
46835
46872
46875
46878
46883
46884
46885
46889
46902
46910
46916
46917
46918
46919
46924
46925
46929
46932
46948
46973
46976
46978
46982
46986
46989
46991
46992
46993
47002
47007
47018
47045
47060
47070
47072
47095
47105
47108
47112
47119
47139
47140
47143
47144
47156
47168
47186
47190
47199
47200
47201
47232
47237
47249
47250
47252
47260
47263
47278
47288
47295
47302
47313
47329
47333
47340
47350
47352
47359
47364
47406
47423
47434
47439
47446
47449
47452
47473
47474
47475
47481
47488
47493
47500
47501
47502
47504
47507
47542
47555
47574
47585
47588
47595
47596
47608
47614
47615
47620
47643
47653
47657
47676
47684
47686
47692
47694
47695
47697
47714
47715
47724
47735
47758
47762
47795
47796
47802
47816
47817
47818
47819
47821
47825
47837
47841
47848
47850
47866
47867
47869
47871
47874
47876
47880
47881
47886
47888
47889
47890
47898
47907
47908
47921
47924
47939
47941
47942
47943
47947
47951
47952
47955
47957
47959
48035
48109
48121
48129
48131
48139
48144
48149
48150
48155
48169
48205
48211
48213
48216
48217
48232
48233
48249
48259
48260
48266
48267
48287
48301
48309
48311
48313
48345
48364
48365
48369
48385
48408
48448
48451
48463
48464
48482
48524
48561
48580
48598
48660
48677
48678
48686
48693
48709
48732
48745
48750
48764
48781
48787
48791
48797
48831
48834
48862
48864
48894
48958
48967
48992
48993
48994
49007
49069
49081
49096
49126
49133
49184
49220
49225
49235
49291
49299
49314
49320
49338
49361
49365
49367
49370
49397
49409
49410
49453
49462
49471
49474
49475
49477
49478
49481
49565
49584
49622
49633
49636
49640
49645
49653
49671
49680
49681
49683
49685
49688
49689
49696
49709
49717
49721
49728
49745
49762
49763
49781
49788
49792
49798
49799
49803
49805
49806
49815
49842
49845
49870
49872
49922
49929
49934
49935
49948
49963
49980
49981
50001
50008
50031
50034
50035
50043
50066
50070
50073
50075
50085
50091
50116
50123
50153
50173
50183
50185
50203
50225
50247
50254
50271
50285
50314
50350
50363
50374
50380
50382
50435
50463
50474
50512
50536
50541
50549
50553
50562
50573
50627
50677
50724
50754
50785
50789
50797
50812
50819
50850
51036
51043
51044
51049
51079
51104
51144
51145
51177
51179
51182
51230
51242
51300
51303
51311
51321
51333
51352
51363
51371
51391
51392
51394
51426
51515
51521
51571
51601
51679
51707
51722
51763
51787
51802
51857
51863
51927
51942
51945
51949
51955
51980
51992
51997
52036
52038
52059
52083
52122
52258
52263
52277
52302
52360
52362
52366
52367
52440
52452
52470
52473
52537
52556
52560
52612
52616
52633
52654
52663
52666
52677
52679
52705
52717
52728
52734
52735
52741
52744
52745
52748
52758
52770
52772
52778
52780
52782
52794
52796
52841
52855
52856
52859
52867
52873
52885
52907
52920
52936
52943
52959
52961
52999
53000
53021
53023
53027
53048
53049
53092
53094
53113
53116
53117
53119
53150
53151
53157
53185
53198
53200
53229
53234
53244
53287
53296
53367
53380
53426
53565
53617
53650
53685
53712
53714
53734
53761
53765
53779
53827
53857
53862
53864
53879
53896
53905
53922
53939
53961
54003
54007
54022
54028
54045
54087
54111
54139
54140
54156
54195
54227
54243
54285
54287
54291
54300
54302
54318
54380
54390
54396
54405
54407
54491
54494
54541
54546
54568
54569
54575
54580
54655
54659
54663
54714
54715
54764
54794
54795
54800
54825
54845
54850
54898
54910
54933
54934
54968
54973
54979
54986
55015
55018
55047
55049
55058
55059
55086
55106
55107
55123
55146
55177
55192
55207
55256
55294
55306
55309
55343
55368
55372
55396
55418
55441
55448
55457
55475
55479
55496
55544
55551
55561
55587
55604
55613
55616
55624
55650
55667
55676
55687
55699
55727
55730
55731
55735
55792
55819
55823
55831
55848
55852
55859
55902
55903
55909
55912
55931
55936
55950
55955
56077
56088
56133
56135
56137
56156
56157
56162
56164
56165
56167
56179
56188
56214
56235
56321
56428
56474
56475
56518
56583
56616
56651
56705
56715
56724
56764
56798
56830
56934
56935
56946
57022
57100
57103
57221
57240
57283
57337
57351
57406
57425
57447
57476
57544
57564
57565
57575
57684
57743
57744
57745
57811
57825
57834
57840
57855
57946
57953
57976
57977
58048
58062
58084
58097
58098
58102
58129
58182
58372
58416
58429
58434
58455
58467
58470
58648
58669
58680
58770
58886
58902
58904
58905
58911
58923
58925
58985
58995
58997
59058
59066
59087
59138
59143
59146
59181
59189
59196
59199
59201
59210
59232
59387
59388
59401
59427
59474
59500
59533
59569
59585
59704
59733
59797
59802
59809
59820
59892
59930
59939
59950
59964
59995
60005
60015
60033
60082
60083
60141
60276
60285
60400
60409
60437
60555
60566
60567
60595
60608
60612
60631
60645
60670
60672
60760
60778
60792
60855
60951
60966
60994
61044
61048
61049
61054
61105
61112
61144
61178
61225
61265
61280
61337
61340
61369
61391
61401
61416
61418
61461
61477
61485
61487
61536
61545
61548
61559
61560
61563
61564
61574
61578
61650
61651
61675
61752
61807
61813
61892
61934
61939
61988
62000
62001
62124
62127
62184
62185
62190
62204
62276
62327
62330
62364
62383
62394
62395
62422
62429
62463
62488
62529
62637
62652
62676
62677
62694
62695
62697
62719
62761
62825
62847
62956
62994
63020
63054
63066
63076
63096
63100
63105
63115
63395
63418
63435
63437
63443
63460
63510
63564
63607
63617
63618
63639
63709
63848
63888
63945
63951
63956
64022
64079
64142
64166
64167
64204
64310
64334
64382
64398
64499
64559
64562
64567
64568
64699
64802
64828
64868
64871
64877
64900
64942
64945
64963
64972
65012
65015
65045
65046
65066
65075
65134
65137
65156
65157
65158
65203
65262
65296
65300
65326
65332
65448
65452
65460
65488
65501
65513
65550
65596
65632
65684
65749
65796
65869
65873
65889
65891
65967
65994
66027
66034
66035
66043
66091
66092
66110
66111
66115
66192
66194
66473
66487
66566
66588
66592
66597
66599
66600
66634
66641
66660
66668
66894
66918
66946
67022
67067
67217
67297
67307
67323
67342
67365
67385
67445
67455
67772
67794
67809
67880
67962
68064
68098
68149
68170
68274
68347
68348
68426
68427
68430
68440
68445
68528
68545
68546
68569
68646
68806
68822
68850
68883
68894
68924
68927
68979
68981
69014
69035
69069
69169
69234
69321
69324
69526
69557
69605
69716
69828
69848
69850
69851
69895
69903
69928
69977
70011
70042
70054
70113
70199
70259
70282
70345
70368
70423
70443
70447
70489
70581
70627
70687
70709
70779
70801
70842
70881
70912
70926
70934
70971
71065
71066
71067
71068
71125
71138
71140
71142
71189
71282
71373
71402
71436
71524
71714
71754
71762
71786
71805
71822
71881
71940
71943
72031
72086
72087
72096
72277
72308
72340
72354
72490
72602
72613
72847
72856
72881
72899
72987
72996
73067
73079
73100
73116
73134
73183
73194
73247
73265
73351
73376
73462
73482
73515
73575
73604
73621
73642
73907
73952
73969
74012
74055
74097
74122
74126
74140
74239
74340
74395
74544
74578
74581
74585
74689
74692
74719
74899
74948
75046
75151
75250
75350
75386
75490
75531
75552
75555
75596
75641
75759
75793
75888
75889
75892
75963
75976
76002
76076
76083
76094
76176
76211
76235
76264
76330
76344
76395
76397
76403
76411
76464
76499
76516
76754
76804
76857
76891
76996
77010
77041
77056
77064
77073
77074
77079
77120
77198
77210
77221
77223
77233
77245
77250
77283
77291
77314
77332
77350
77360
77434
77448
77468
77469
77514
77571
77593
77621
77633
77670
77744
77771
77780
77825
77908
77915
77936
77955
77966
77985
78022
78041
78057
78076
78133
78140
78146
78149
78177
78208
78237
78248
78256
78281
78285
78293
78307
78318
78331
78344
78364
78373
78406
78479
78507
78568
78657
78705
78734
78802
79008
79161
79257
79306
79319
79363
79406
79474
79515
79593
79615
79684
79767
79782
79783
79827
79888
79920
80047
80070
80218
80243
80287
80316
80350
80351
80427
80471
80556
80677
80708
80713
80849
80911
80919
80965
81001
81048
81309
81310
81312
81346
81367
81442
81522
81530
81540
81792
81824
81847
81949
82101
82103
82283
82432
82523
82545
82550
82623
82838
82865
82944
83346
83500
83505
83562
83593
83599
83714
83718
83726
83761
83857
83980
84002
84079
84084
84087
84090
84116
84198
84214
84298
84499
84586
84655
84735
84784
84847
84954
84956
84972
85058
85160
85242
85247
85255
85325
85328
85420
85472
85505
85535
85556
85588
85589
85638
85689
85778
85783
85837
85926
86093
86168
86182
86241
86295
86369
86404
86463
86483
86600
86604
86666
86763
86889
86959
87078
87169
87190
87417
87462
87481
87489
87677
87729
87774
88030
88174
88224
88288
88421
88423
88527
88641
88727
88811
88818
88863
88875
88893
88930
88953
89065
89333
89482
89488
89522
89571
89823
89861
89992
90148
90214
90414
90560
90715
90762
90928
90974
90980
91076
91217
91390
91445
91598
91893
92272
92298
92331
92348
92381
92384
92603
92663
92769
92802
93313
93350
93427
93775
93946
94123
94260
94393
94440
94529
94666
94771
94794
94857
94996
95015
95169
95466
95514
95536
95548
95560
95627
95682
95743
95797
95963
96167
96171
96196
96218
96238
96255
96288
96333
96357
96393
96484
96712
96713
96966
97044
97206
97251
97406
97447
97519
97537
97548
97648
97805
97936
98480
98491
98498
98499
98502
98505
98851
98864
98984
99002
99006
99008
99040
99259
99318
99339
99479
99648
99826
99885
100196
100568
100605
100914
100973
100975
101230
101338
101363
101383
101860
101887
101897
101908
102057
102081
102227
102304
102406
102461
102489
102732
102878
102933
103299
103413
103488
103489
103793
103960
104103
104193
104237
104301
104659
104878
104896
104931
105024
105045
105045
105130
105627
105763
106129
106143
106230
106837
107499
107569
107667
107693
107743
107942
107946
108055
108059
108241
108266
108267
108312
108316
108346
108365
108401
108548
108553
108843
109264
109472
109478
109479
109560
109614
109667
109962
110351
110428
110465
110479
110513
110598
110643
110972
110989
111017
111367
111605
111642
111794
111815
111883
112942
112961
112991
113096
113213
113271
113273
113279
113286
113290
113369
113479
113739
113777
114033
114046
114089
114719
114776
115332
115565
115665
115810
115872
116008
116014
116094
116345
116356
116690
116698
116844
116904
117026
117036
117164
117179
117259
117262
117269
117500
117520
117553
117730
117781
118052
118075
118098
118121
118452
118536
118617
118872
118910
118936
118991
119617
119623
119907
120077
120129
120328
120360
120515
120637
120683
120694
120747
120833
121091
121357
121703
121738
121940
122190
122271
122289
122291
123047
123049
123056
123360
123505
123665
123728
123757
123763
123778
123833
124029
124057
124083
124304
124306
124460
124472
124475
124606
124613
124614
124619
124625
124626
124632
124633
124636
124639
124642
124645
124676
124680
124821
124829
124834
124837
124839
124843
124851
124853
124963
125021
125025
125052
125093
125099
125103
125123
125124
125263
125317
125337
125360
125413
125498
125520
125537
125548
125582
125587
125707
125709
125717
125742
125762
125764
125842
125945
125952
126090
126117
126148
126152
126781
126881
126996
127602
127973
129542
129628
131232
131313
131957
132641
132725
133008
133115
133382
133575
133750
133919
134368
135473
135890
136134
136311
136558
137236
139058
139405
139408
139445
140071
140413
140511
140519
140897
141003
141210
141489
142132
142168
143223
143299
143750
143795
144541
144953
144982
145899
145925
146231
146341
146373
146599
147164
147169
147729
147747
148478
149445
149687
150043
150523
150823
151138
151489
151727
151848
153141
154821
155325
156235
158413
159185
159569
159727
161070
161080
161158
161495
161687
161795
161806
163549
163676
163869
163907
164687
164721
166472
166607
166680
166901
167087
167177
167738
168283
168450
168485
168535
168705
170187
170261
170400
170767
171229
171771
171857
171982
172198
172545
172868
172923
174787
175739
176841
178469
178675
179798
180399
181083
183252
183955
184530
184835
184885
185191
185441
185465
185987
186705
187851
188588
188589
188870
191599
191874
192675
193103
193661
193704
196280
196859
196940
197239
197537
198469
199512
200383
201445
201581
201724
202425
202475
202587
203119
203252
203829
205054
205481
206042
206412
207490
207541
207625
209345
210092
210307
210864
210937
210938
212058
213917
213985
214735
215107
215373
215875
216794
217802
218473
218624
218713
220690
220976
221917
223318
223346
226229
226594
228890
238952
241058
244145
244797
245268
248757
249358
249882
251053
251481
253632
253768
255546
259209
259389
259557
261246
265966
266022
266687
266741
267188
267345
270306
271304
271462
274253
274868
275096
276635
277270
277724
277726
278621
278939
278978
279698
279714
281085
281189
281289
282919
284096
287305
287811
287821
288173
288772
288953
290157
291634
291675
291731
291861
292090
293820
296543
297645
302579
303693
306323
314352
316098
318177
318535
320011
326890
331367
333165
339428
348138
349394
356054
365371
398959
407992
410921
415072
416437
427043
438108
445590
470646
484245
503475
525153
525936
531591
538286
558884
559489
566972
572997
575751
579140
581335
581579